All interfacial residues split into 100equal size bins (~394 residues per bin) 
    bin_number  num_of_residues  RSA_monomer  RSA_complex  deltaRSA  residueContacts  distance_from_center  distance_from_edges
0            0              394     0.531572     0.279605  0.251967         2.319797             14.303905            15.202464
1            1              394     0.496932     0.251768  0.245164         1.753807             11.653797            14.971537
2            2              394     0.483270     0.219984  0.263285         3.710660             14.501049            10.439183
3            3              394     0.502469     0.224347  0.278122         2.652284             14.111225            13.829627
4            4              394     0.475847     0.216812  0.259035         2.335025             19.359791            10.985028
5            5              394     0.473765     0.222506  0.251260         1.852792             14.442437            11.933615
6            6              394     0.466037     0.214980  0.251058         2.213198             13.878736            12.599018
7            7              394     0.435203     0.173233  0.261969         1.776650             18.134607            12.326540
8            8              394     0.469831     0.229047  0.240783         3.256345             14.340534            11.316524
9            9              394     0.457054     0.212539  0.244515         2.380711             13.205432            12.362495
10          10              394     0.409827     0.166438  0.243389         0.126904             23.948780            25.143775
11          11              394     0.481813     0.204850  0.276963         2.456853             18.527910            14.529312
12          12              394     0.484158     0.239113  0.245045         2.007614             13.615679            11.552493
13          13              394     0.486837     0.219484  0.267353         1.502538             13.286228            12.256339
14          14              394     0.496258     0.239409  0.256850         2.530457             12.918907            12.085087
15          15              394     0.503371     0.235703  0.267668         2.088832             14.185797            11.690399
16          16              394     0.483124     0.231232  0.251892         1.796954             14.488838            15.031745
17          17              394     0.408352     0.187300  0.221052         2.187817             18.057366            11.904672
18          18              394     0.488762     0.241809  0.246953         2.964467             15.630841            11.236280
19          19              394     0.466511     0.238099  0.228412         2.439086             18.589447            12.973522
20          20              394     0.470732     0.237566  0.233166         3.395939             15.807042            14.332340
21          21              394     0.451009     0.181395  0.269613         2.659898             19.174189            11.538688
22          22              394     0.456825     0.217441  0.239384         2.494924             14.669716            12.369540
23          23              394     0.441142     0.194539  0.246602         2.065990             14.130269            13.749623
24          24              394     0.490259     0.204295  0.285964         1.362944             12.506550            12.443031
25          25              394     0.505112     0.236215  0.268897         3.715736             15.558934            13.231226
26          26              394     0.485625     0.223374  0.262251         2.109137             13.526780            11.245839
27          27              394     0.449576     0.208673  0.240903         2.992386             15.832296            11.455951
28          28              394     0.512382     0.246271  0.266110         4.197970             16.574147            13.315590
29          29              394     0.461188     0.224336  0.236852         0.500000             15.567705            13.375629
30          30              394     0.488031     0.217083  0.270948         2.248731             12.798795            11.319639
31          31              394     0.522724     0.260892  0.261832         1.895939             13.399652            13.311226
32          32              394     0.468737     0.228995  0.239743         2.065990             15.448200            12.523460
33          33              394     0.451754     0.231036  0.220718         3.065990             14.135328            13.815116
34          34              394     0.471748     0.234793  0.236955         2.512690             17.556825            12.507984
35          35              394     0.523417     0.289462  0.233955         2.494924             13.784478            13.014035
36          36              394     0.448918     0.203868  0.245050         2.746193             14.001263            13.819608
37          37              394     0.445291     0.199411  0.245880         3.464467             15.090433            15.359860
38          38              394     0.513953     0.270000  0.243952         1.921320             20.291463            13.788585
39          39              394     0.465716     0.220764  0.244952         3.038071             17.032261            13.006345
40          40              394     0.428120     0.154677  0.273443         1.289340             16.713892            11.702459
41          41              394     0.501513     0.259113  0.242401         3.007614             15.572766            11.935728
42          42              394     0.453637     0.213546  0.240091         3.616751             18.504939            11.942421
43          43              394     0.462832     0.230305  0.232526         2.398477             17.765292            12.780052
44          44              394     0.518913     0.258961  0.259952         2.456853             17.035942            12.797444
45          45              394     0.443763     0.210078  0.233685         3.236041             18.806788            12.331291
46          46              394     0.466437     0.235025  0.231411         3.017766             15.451163            11.630835
47          47              394     0.487932     0.239650  0.248282         1.741117             15.959328            11.781049
48          48              394     0.450032     0.218846  0.231185         2.142132             19.889707            13.974452
49          49              394     0.410316     0.137298  0.273019         0.307107             24.783559            12.732239
50          50              394     0.480028     0.244743  0.235285         3.228426             15.905158            11.864044
51          51              394     0.483694     0.222193  0.261501         3.758883             17.502926            14.847289
52          52              394     0.467774     0.221672  0.246103         2.355330             14.398430            11.551759
53          53              393     0.461872     0.204577  0.257295         3.455471             18.733617            14.444961
54          54              393     0.493218     0.250051  0.243167         2.226463             13.253189            10.334838
55          55              393     0.469603     0.216071  0.253532         3.989822             18.051431            13.700688
56          56              393     0.462547     0.216705  0.245842         2.259542             14.841307            13.596912
57          57              393     0.476963     0.253389  0.223574         1.870229             18.097364            13.368909
58          58              393     0.467729     0.218012  0.249717         3.292621             14.614375            11.205344
59          59              393     0.508073     0.257003  0.251070         3.099237             16.819714            13.163315
60          60              393     0.485106     0.247777  0.237329         2.356234             18.024679            12.120468
61          61              393     0.484776     0.248266  0.236509         3.162850             15.942285            12.619104
62          62              393     0.464436     0.217189  0.247248         2.852417             16.721608            12.315122
63          63              393     0.470484     0.199604  0.270880         3.903308             15.265345            16.761699
64          64              393     0.478419     0.228715  0.249704         2.137405             13.663449            13.175198
65          65              393     0.456696     0.200785  0.255910         1.198473             19.774860            16.198649
66          66              393     0.469966     0.219269  0.250697         1.903308             23.234635            18.034271
67          67              393     0.508163     0.254466  0.253697         2.880407             14.168597            12.496890
68          68              393     0.481168     0.231146  0.250022         2.442748             15.296991            13.097349
69          69              393     0.456687     0.224492  0.232195         1.312977             18.155922            11.732559
70          70              393     0.474637     0.202756  0.271881         2.529262             21.022022            14.828747
71          71              393     0.470516     0.200472  0.270044         2.694656             17.813610            16.458367
72          72              393     0.447401     0.205834  0.241567         2.743003             15.198845            10.801875
73          73              393     0.467972     0.235744  0.232228         2.480916             14.132610            13.193139
74          74              393     0.455217     0.218552  0.236665         2.727735             15.111871            13.147727
75          75              393     0.477339     0.188225  0.289114         3.465649             14.518194            13.266927
76          76              393     0.507078     0.253454  0.253624         2.488550             14.791172            11.878319
77          77              393     0.458915     0.212060  0.246855         2.521628             15.206612            15.106135
78          78              393     0.449059     0.223488  0.225572         3.470738             17.740716            13.394367
79          79              393     0.499058     0.259594  0.239464         1.888041             13.880239            13.838719
80          80              393     0.484285     0.249291  0.234994         2.244275             13.321397            11.703408
81          81              393     0.450527     0.206423  0.244104         3.773537             13.652615            11.001198
82          82              393     0.502453     0.231455  0.270999         2.987277             14.592919            13.324567
83          83              393     0.475965     0.217955  0.258010         3.437659             14.613627            13.563026
84          84              393     0.486921     0.237862  0.249059         3.816794             17.455909            15.713590
85          85              393     0.464509     0.210554  0.253955         3.852417             14.254532            13.987249
86          86              393     0.443129     0.196956  0.246173         4.422392             16.804413            11.901193
87          87              393     0.513488     0.261073  0.252415         3.030534             17.302809            14.017072
88          88              393     0.500753     0.238613  0.262141         2.951654             15.897314            13.921024
89          89              393     0.491920     0.249195  0.242725         2.826972             14.388392            13.697066
90          90              393     0.484280     0.213270  0.271010         1.417303             16.480267            12.437149
91          91              393     0.465196     0.202829  0.262366         4.564885             17.250590            11.595642
92          92              393     0.414262     0.168115  0.246147         0.854962             22.507344            12.417742
93          93              393     0.437619     0.180469  0.257150         0.679389             23.277931            15.368123
94          94              393     0.437103     0.154393  0.282711         1.697201             23.811898            14.510308
95          95              393     0.504077     0.255645  0.248431         1.923664             16.586817            13.184341
96          96              393     0.475464     0.230481  0.244983         3.399491             13.479801            12.126099
97          97              393     0.500325     0.226331  0.273994         2.468193             16.351777            13.217923
98          98              393     0.458124     0.207763  0.250360         3.620865             14.858795            11.863638
99          99              393     0.432213     0.211450  0.220763         2.778626             16.950015            11.794315